0.0
0.1624577423167849
0.18911622856392363
0.26537392951646793
0.4253211367403221
0.379656159386537
0.3475826375844616
0.34392055324603266
0.34683501129377076
0.3381229730191516
0.3073845209265014
0.3125337126879644
0.3484092561303536
0.3366300485596181
0.3210959124551774
0.30102741792672877
0.3251362009959686
0.33257962252183365
0.31957518148290304
0.3114007435810067
0.2977366112701856
0.28659946100023076
0.28289878011115427
0.30101119817841826
0.2917903898807438
0.28849427398464894
0.28835957444313
0.28208213516402053
0.28530101673956126
0.2822549107508643
0.2785974420437079
0.2710946783036319
0.26368479009282303
0.25892569170768764
0.25320150386071055
0.24906844635836453
0.24477418682724056
0.24141309015981294
0.2376676568613682
0.23371415521103184
0.23104473261284225
0.23298291577562863
0.23093615546043314
0.2266539432217922
0.2232346181218744
0.22154326598771926
0.2193964237919231
0.21831645765193328
0.21916676463862853
0.21478342934585595
0.21263373815091283
0.2099570265466008
0.20847024570268444
0.4928498803827753
0.3412613999458215
0.29247604316163694
0.05263466494845424
0.17721520313668776
0.18009040448275448
0.20067209706125289
0.2112059291827446
0.19007334376339832
0.24156842566715267
0.28349350341113955
0.3790664351855162
0.377739162491018
0.35104194696153157
0.3291508223253567
0.31019911972529773
0.3542280621292252
0.33437498345544164
0.34776042372257876
0.3471489020998253
0.3536065784995398
0.35698200993249
0.3736188571482838
0.36478828308416567
0.37628079183532886
0.37577550290081296
0.36871482806872463
0.3682339672879831
0.369378581316862
0.3952108371864567
0.4102635332259075
0.4232126174746621
0.42667183364431005
0.42474282628042864
0.4239561268280413
0.4221268857610449
0.43921940808947113
0.4323702481304522
0.43112575866713354
0.4298963275630919
0.42382809713849917
0.4179087810744916
0.41268846779762924
0.40840883617887175
0.4007273152609729
0.3934166433026394
0.39883399623698385
0.3964806770545514
0.3967261752572244
0.40372467837766235
0.4058800992497844
0.4052321647579167
0.40218435073105097
0.4054102455229725
0.4043618901458296
0.40038702800022097
0.39764716100996345
0.4063470098903608
0.4100037168428857
0.40653467220624473
0.41268910272754844
0.40719437217284427
0.40316743103134217
0.4022152177664841
0.39710312967835565
0.3921866187088022
0.39091455469040065
0.39729390552439675
0.3989826728088195
0.39765194435461665
0.34037500000000004
0.2893333333333333
0.4844452512678655
0.45918656190768925
0.4124141951783254
0.4139670989231143
0.42058094968164134
0.42853291430476953
0.42978698096400136
0.4157435889900502
0.4298458366052458
0.4505210359617115
0.4426959831059805
0.343214605734767
0.21518483219289666
0.22927900849896812
0.3734964045530339
0.4055186212269682
0.3866844925944432
0.4839185789217818
0.44556651697322575
0.4440891357896874
0.45332674730724376
0.44806088598179183
0.4175189788166425
0.38841219176354974
0.39013253754050686
0.3695526699584413
0.3740138903966448
0.38048744776576227
0.39517775416560674
0.38758065004740283
0.3973142220600828
0.4180057216898748
0.42288923830933906
0.410184842132955
0.42845937116745847
0.4264337755415394
0.41223472735637523
0.41117642629523177
0.3998523078957989
0.3931079500846523
0.3828506402639035
0.38180737270037085
0.37162438989963814
0.362957288470408
0.363384346830904
0.37140924425227667
0.3702906742954482
0.3627354589475177
0.3634777932676621
0.3691700829693494
0.3613983237928429
0.35548423382035005
0.35671590938330855
0.35429987008398034
0.3541478928234341
0.3617362959397545
0.35946864208780327
0.35989056116673973
0.35763104299710746
0.36238192916534284
0.35871801046155405
0.362236744325053
0.3566884620078363
0.35824746719734496
0.3560603316707336
0.3532782109007273
0.3533790013482418
0.35052773785058805
0.35291080333099667
0.3486930805554623
0.3525770160115511
0.35591777209468306
0.35916238620333313
0.3580738810029216
0.3651510263655404
0.3644899676527067
0.3719246553821833
0.3714778735291121
0.37203789988708286
0.36785573086995
0.37029574481919464
0.36965269837436343
0.3656954641970367
0.363435937290228
0.36567271849547994
0.3720283254627715
0.3785030817262723
0.0698869863013699
0.510784501922615
0.45761572428643826
0.45576248980925593
0.4546656256502216
0.41400968168052815
0.40227702487913797
0.414586676702442
0.3940906744299484
0.40991391948695355
0.4005335052797348
0.3900129766866037
0.257600945017182
0.3766945636177461
0.2797751832164284
0.28865147236377764
0.3346082097262282
0.32697320428574567
0.30751388289427556
0.3257386589703996
0.3554346502585716
0.35812684195742733
0.36738194931790086
0.39158434812889525
0.4201891839360795
0.0769814102564104
0.16919602537613906
0.1427525852934944
0.32661414791619947
0.4350063661036601
0.3754553266753298
0.37799868517983937
0.34552148732763505
0.3156797123823992
0.3227118935831837
0.3004602411917567
0.29626804160526415
0.2787799154575818
0.40061311239193065
0.4486706674749179
0.3858881228859003
0.3913121859144253
0.5498825406032479
0.46761068087072966
0.46494972993191935
0.3543792351812815
0.3704262942004864
0.3401865661897993
0.3331305842680323
0.2999747354807595
0.2992991057380763
0.3468539406314932
0.3820349819137976
0.3806018618702085
0.3822817760919807
0.35772662569163255
0.3737394864722953
0.368265813210634
0.3658780159331656
0.3675463285653287
0.35580736413382785
0.33964882652822936
0.32607996545081075
0.3283025423224333
0.32344823218193225
0.312050739389869
0.32060705513801524
0.3202531564258898
0.32765142185297524
0.32113598403664023
0.324877454030597
0.3285116407480956
0.31942414202486247
0.31392297997788987
0.31420746353916595
0.31334546995062174
0.3204730567184879
0.3245076037387556
0.3269127360701406
0.3265788881512294
0.32397201689327243
0.32609901597589114
0.32614524636734055
0.3316852236550903
0.3300547802087436
0.3291941602039995
0.3283180201359741
0.3216806183801938
0.3219835590778244
0.3168283460414808
0.3166831109456813
0.31644063293729396
0.31473141218262823
0.3097254215244851
0.30993186011207347
0.3133778177290456
0.3118573018958385
0.3140437994538933
0.3106056792169118
0.3119359288209306
0.3085580647587545
0.30903889167508464
0.3091598248660919
0.3130106167763781
0.31048516949152555
