0.0
68.71962500000001
91.63295833333335
103.06793750000001
144.44375
162.18766666666667
158.65448214285715
155.97032812499998
153.8575972222222
169.58565
154.1687727272727
167.25590624999998
174.04271153846153
166.29034821428573
163.10692500000002
152.91274218750002
156.00277941176475
167.23106250000006
161.85823684210533
157.02753125000007
155.18142857142863
151.09438636363643
154.05612500000007
156.78647916666674
162.99474500000005
159.2305192307693
160.2962731481482
164.5719241071429
166.47035344827592
165.52365833333337
162.28693145161293
159.25403515625004
162.90990530303034
166.53514705882358
165.1511571428572
167.3300659722223
164.56981418918923
161.95477302631585
159.47422435897442
158.44181875000007
162.18500000000006
164.11118750000006
161.81179941860472
163.45587500000008
166.75258888888897
165.69473097826094
168.8046037234043
171.1209557291667
168.95512755102047
165.57602500000004
164.5251985294118
168.38934855769233
170.49066745283022
103.00562500000004
121.01793750000006
127.00112500000004
10.211125000000123
52.94018750000008
49.10762500000005
69.10803125000004
63.54535000000003
54.64266666666669
93.31778571428576
134.66209375000008
148.41795833333336
150.0003
137.28103409090912
126.67289583333336
117.70567307692309
128.09495535714288
120.22495000000002
132.4926875
132.299625
130.2785972222222
140.08744736842104
148.912125
142.81572023809522
157.0425568181818
153.46484239130433
147.938734375
145.85920499999997
149.7092451923077
159.6535324074074
166.37691964285713
170.99049568965518
168.71624166666666
166.3626129032258
165.4966015625
163.81998106060607
167.14595955882353
162.96885714285713
161.73627777777776
160.56477027027026
156.89008881578948
153.40660576923077
150.09418125
147.44588719512194
144.1762857142857
141.05232558139534
140.7613948863636
139.7620222222222
138.9310135869565
146.11877659574466
144.83921614583332
144.30371428571428
142.24696
143.19138970588236
146.69310096153848
145.15325471698114
144.24162037037038
147.22633409090912
153.12027008928573
153.1748157894737
155.0621659482759
152.60199364406785
151.03277708333337
150.36709836065577
148.10547782258067
145.91268253968258
144.64766992187504
150.98617500000003
157.0235473484849
164.2659552238806
102.79325000000001
72.12799999999999
258.88058333333345
201.92450000000008
169.83155000000005
174.98366666666672
199.69451785714287
192.890078125
200.6325416666667
208.92588750000004
202.54362500000005
227.1328229166667
215.42960576923082
95.756875
62.73837499999999
88.16970833333333
187.85571874999988
172.37592499999988
160.80741666666657
181.90012499999995
161.81914062499996
180.00583333333327
175.89969999999994
165.83985227272723
152.8694270833333
141.89586538461535
141.68983928571427
132.92789999999997
133.71413281249997
141.1108602941176
152.6187569444444
148.53350657894734
158.51616874999996
163.44531547619044
167.50407954545452
163.05665760869562
167.1552239583333
166.28743499999996
160.27936057692307
158.73387037037034
153.8209732142857
149.2352543103448
144.59945416666662
142.35460080645157
138.22424609374997
134.33915909090908
132.58625735294115
137.1918107142857
136.23241666666664
132.81779729729726
138.97274013157892
142.94547756410253
139.62835937499997
136.9537164634146
141.22638392857138
138.90631686046507
138.6803636363636
143.08042222222218
140.86536684782604
140.82192021276592
138.74719531249997
138.16887244897956
136.00039249999998
135.86629901960782
133.65330769230766
133.21208018867924
133.43567129629628
131.3898136363636
130.3767075892857
128.46106578947368
127.89784267241379
125.89588135593219
128.6938375
131.77378483606554
134.7520080645161
134.8178551587301
137.52670507812496
136.99208076923074
141.97815151515147
142.02331156716414
142.45834374999995
140.54131159420285
140.11107321428565
139.9574876760563
138.1513229166666
136.53658904109585
138.75160810810806
140.34957833333328
143.08492927631573
10.203500000000005
167.8393750000001
136.83366666666674
138.97912500000007
130.36515000000003
127.04137500000002
119.60762500000001
165.56090624999996
159.4384583333333
154.54107499999998
146.4033977272727
135.8945520833333
74.96187499999996
319.0886250000002
216.04862500000013
178.2734062500001
197.9876000000001
188.09352083333343
164.22064285714296
161.0322500000001
273.99568055555574
349.7941500000002
376.3643636363638
411.00101041666676
474.22918269230775
15.01137500000003
39.13637500000001
37.77345833333334
117.9063750000001
148.87162500000005
126.5590416666667
141.06348214285717
125.30667187500003
113.05086111111115
108.07620000000004
99.60447727272731
95.0981041666667
89.67027884615388
139.01274999999993
316.13193749999994
257.09212499999995
209.12246875
236.99937499999987
236.99137499999992
191.85349999999994
145.41453124999995
269.9243999999999
230.48064583333323
204.9908749999999
181.0556249999999
166.71824999999993
205.60298749999998
250.28936363636356
247.79540624999993
233.5015961538461
217.78290178571424
223.5135833333333
213.42503906249996
203.91605882352937
196.0405833333333
187.46433552631575
178.38974374999995
170.53579761904757
165.61353977272722
161.10698913043475
154.63542187499996
151.37433499999997
147.55242788461535
147.03721296296294
142.9631964285714
144.0187413793103
145.72666249999995
141.20997983870964
137.82776171874997
135.21873106060605
132.5572757352941
138.19298928571428
146.07483333333332
143.80320608108107
141.38331578947367
139.3440128205128
137.92612499999998
135.82605182926827
138.23356249999998
136.46662209302323
134.5471392045454
138.72412777777774
135.83537228260866
134.0459281914893
131.53280468749998
129.9040102040816
128.34752249999997
126.85138235294116
124.66833413461538
123.29625235849056
124.22789120370369
122.91326363636362
128.3729419642857
126.35071271929823
125.24193534482757
123.34447457627118
122.14912291666666
121.16335860655737
122.20493548387097
73.27450000000003
