268.8375000000003
367.18125000000026
369.23333333333375
386.25937500000043
456.77500000000055
442.32708333333386
380.57857142857193
370.73593750000043
349.1361111111115
365.68125000000043
360.8545454545459
359.6239583333338
335.5826923076927
337.815178571429
328.3833333333337
326.2710937500004
321.84852941176507
304.7645833333337
323.59736842105303
311.9968750000004
318.5488095238099
310.8914772727276
300.55217391304376
304.9078125000003
307.13500000000033
296.9889423076926
286.7055555555558
280.7370535714288
294.0508620689658
284.52708333333356
279.2790322580647
274.3902343750002
282.3356060606063
275.1371323529414
279.2928571428574
295.171527777778
291.8584459459462
303.2131578947371
297.6009615384618
308.19437500000026
301.9478658536588
309.57619047619073
302.84389534883746
303.9005681818184
297.160277777778
296.30000000000024
295.657180851064
290.7078125000002
286.6594387755104
295.9280000000002
290.7301470588237
295.81875000000025
311.47004716981155
306.07407407407436
306.8515909090912
302.2933035714289
303.829166666667
316.11379310344864
310.82944915254274
312.3712500000004
309.6411885245906
305.5516129032262
302.59583333333376
299.39257812500045
299.5917307692312
298.9439393939399
295.72593283582137
298.30110294117696
298.7400362318846
294.7450000000005
293.5878521126766
290.5218750000006
296.6768835616444
293.54391891891953
290.8678333333339
287.37072368421116
294.90275974026036
295.5685897435904
295.63528481012725
298.6534375000007
297.7699074074081
301.77682926829334
302.44623493975973
299.90029761904833
300.9407352941183
298.5180232558147
300.1337643678168
302.34346590909166
306.32092696629286
306.007222222223
304.92019230769307
304.25625000000076
307.5178763440868
305.2792553191497
302.5903947368429
300.29869791666744
307.70373711340284
304.65408163265386
301.70643939394023
305.3502500000008
303.9912128712879
303.8352941176479
301.4712378640785
298.73918269230853
296.4544047619056
293.87311320754804
291.9942757009354
290.7590277777786
290.19094036697334
289.9854545454554
292.31970720720807
290.5921875000009
294.93064159292123
292.6403508771939
294.2311956521748
294.23211206896644
293.91036324786415
293.69332627118735
293.7470588235303
300.3769791666676
298.01508264462905
296.0259221311485
295.6463414634156
294.6599798387106
293.62940000000094
293.8493055555565
295.5814960629931
297.82568359375097
296.06220930232655
294.9532692307702
298.2817748091613
296.53219696969796
295.7656954887228
294.92108208955324
293.2408333333343
293.20110294117745
291.80976277372366
290.6251811594213
290.5367805755406
288.7407142857153
293.15452127659677
293.89524647887424
293.39309440559543
292.16006944444547
294.6543965517252
294.7258561643846
298.0225340136065
297.4418918918929
297.2515939597326
296.7371666666677
294.90339403973616
295.98848684210634
300.81919934640626
303.2186688311699
302.6855645161301
302.2331730769242
301.47746815286735
299.721835443039
298.47099056603884
303.6029687500011
304.1013198757775
307.70933641975415
306.3113496932526
305.5965701219523
306.804090909092
306.9247740963866
305.9571856287436
306.27790178571536
304.59482248520817
305.4124264705893
307.682821637428
310.09651162790806
310.7901011560705
312.0058908045988
311.02492857142965
310.29424715909204
309.1108757062158
307.384620786518
310.74888268156536
309.42159722222334
314.57168508287407
316.8492445054956
315.3819672131159
316.78525815217506
315.9652702702714
315.34294354838823
314.6036096256696
315.2085771276607
314.48306878306994
316.64414473684326
315.06400523560325
315.0992838541678
315.32072538860217
315.686275773197
314.38064102564215
314.8867984693889
314.13147208121944
312.6186237373749
312.1234924623127
311.16831250000115
310.2711442786081
312.75167079208035
