0.101735178970917
0.13557281180089475
0.36169470175906127
0.384174369342552
0.35557879294934347
0.338532822341195
0.33546536845835156
0.3049149952982539
0.292812603090672
0.2926116269734343
0.2682000832185122
0.24677737891521512
0.2590642774448651
0.24987874714840225
0.2481056918307635
0.25393957565795394
0.25160064884662253
0.24952134202540663
0.2569092432067749
0.2582441102000412
0.26662635192578577
0.27524419551125806
0.28432851092761924
0.29256624805373505
0.2878209647209128
0.2842241407437756
0.28770615542429884
0.2860941300321612
0.2925714306021159
0.30600482364062276
0.30022776719959315
0.30859402626936944
0.30715219871012067
0.29894849134834933
0.2929104532718704
0.29464886288881464
0.29289204997587326
0.2945737457698709
0.2873136130944529
0.2864250755926444
0.2898335270455117
0.28301517912740826
0.2838903358786611
0.28918296254257575
0.2900270864150587
0.2906051256645551
0.2975192122000489
0.297018285668297
0.2917440632034764
0.2925562962451572
