201.21837499999998
172.09399999999997
358.46975000000003
418.65771875
466.77049999999997
397.63652083333335
343.64721428571426
318.313578125
289.0809583333333
276.7198625
257.8338181818181
237.38632291666661
222.93120192307686
208.6836339285714
231.0027833333333
228.3439296875
238.92502941176474
226.1635902777778
218.78475000000003
208.78090000000003
213.6828035714286
223.76396590909096
218.36040760869565
215.80242187500002
219.93909
230.9498798076923
225.30235185185185
226.486875
225.83110775862067
221.7360083333333
215.34817338709675
208.89102343749997
202.98435227272725
206.0868639705882
203.26191071428568
206.86492708333333
204.665027027027
199.79818092105262
209.45024999999998
213.23824687500002
212.86578658536587
212.71947023809523
208.1265058139535
205.27646022727274
203.09741944444443
198.96964402173913
195.34208776595744
212.06358854166663
208.05679336734693
210.45505749999995
210.3965220588235
206.61445913461537
203.22045990566036
201.39184490740737
198.06592045454542
201.30965848214282
203.70280921052628
205.5567995689655
208.54269915254233
208.23308749999995
207.78623155737702
208.65212499999996
211.57779166666663
208.64245117187497
207.6013442307692
208.53951136363634
205.6839757462686
208.16978308823525
207.63062318840576
207.3247428571428
212.85492957746473
210.21076736111104
207.61841438356157
207.5961942567567
205.54790999999992
206.8955657894736
216.2341915584415
215.46795833333329
212.97429905063285
212.26801562499995
212.9157731481481
210.54142530487798
211.3810978915662
212.2154895833333
210.718575
208.48023401162789
206.32777442528734
207.03390625
209.19620926966292
210.4825888888889
211.58134065934067
210.03665625000002
208.03056317204306
207.66029787234046
207.55040000000005
206.82561197916672
205.28844201030932
203.3336454081633
201.45632070707077
203.18146250000007
203.19681188118815
203.4251678921569
202.35036407766995
201.41155168269236
200.33115119047625
199.5873431603774
199.7334147196262
200.41846643518525
202.07446559633036
202.6871636363637
204.52984909909915
215.67001562500008
213.9624834070797
214.30537061403516
213.98290326086962
212.71991271551727
211.60025000000005
212.6827574152543
212.03602521008406
210.36265625000001
209.09909710743804
209.75794774590167
210.63365548780493
210.9791088709678
209.98711300000005
215.28457242063496
217.38250196850396
215.81870605468754
214.95164922480623
222.24606442307697
223.53784732824434
221.8573967803031
220.26425281954894
218.7322070895523
217.2709805555556
215.76877941176477
220.30126551094895
219.97637228260876
219.45832464028783
218.60480803571434
217.77414804964545
216.31249383802822
214.95519580419582
217.7382803819445
216.3933181034483
215.03771232876716
213.68350765306127
213.22598395270276
211.8702281879195
210.60088083333338
214.50902069536428
216.41995394736847
217.90722467320265
216.50178409090913
215.18544758064516
214.6904727564103
216.1647786624204
219.3233591772152
220.8773742138365
220.95451250000002
228.04991459627328
226.64971373456788
225.29584279141102
224.70090015243903
223.47071287878788
222.8773403614458
227.60544685628744
226.3888616071429
225.74586242603556
224.4765970588236
223.70169517543863
222.77155813953493
221.48949421965318
220.34425
226.4193335714286
231.03325994318183
229.78997598870058
228.97638061797755
234.01125418994417
234.9346215277778
234.23590538674034
233.89242032967033
233.08683606557378
232.24380842391304
235.45583986486486
235.99758938172042
234.89054679144382
233.73935039893612
233.9998141534391
233.18387368421045
232.0740811518324
230.91466210937492
229.81387888601026
228.7734420103092
227.72307564102553
229.92586415816317
231.2078058375633
230.26594444444433
229.23047236180895
228.19411437499988
228.98655410447748
227.96537190594046
228.1747530788176
227.58428247549006
227.55932499999986
226.99578155339793
226.26017512077283
231.0064344951922
232.04214593301424
234.79774999999987
233.87443424170604
234.29940566037723
233.99623884976512
233.88165654205594
234.6867430232557
297.7719999999998
282.9007499999999
293.27158333333335
259.26965625
153.76162500000007
289.2671874999997
253.4671249999999
214.2316562499999
274.48757499999994
231.24216666666658
257.03800000000007
277.659875
251.11562500000002
236.60593749999998
219.82478409090908
