0.21446304849884543
0.12564778638534482
0.21019610033616076
0.2766107232113044
0.2445504223590563
0.2553123924070568
0.26899377771351135
0.24506815017387865
0.25461153866750785
0.2563331160371321
0.24242499185193822
0.24919708157203932
0.2313646689139754
0.2308009227217073
0.22230377787359343
0.22027889022771685
0.22156068066909188
0.23222948826032205
0.22276029492108482
0.21498625076326583
0.21456467584930522
0.21750572691764367
0.220901672016154
0.21996618568214757
0.22763441412654928
0.22861595784581368
0.23280485315837307
0.23203455172569826
0.23573763315044932
0.24036534422934241
0.23945013722599284
0.2365556303198795
0.2307000378384096
0.22782886350484569
0.229848503409353
0.22438465874804583
0.22041377935518297
0.2258522901039223
0.22907307153606396
0.22995793659587038
0.22709388267617414
0.2318969352131086
0.22803258476098545
0.22537219016104046
0.2267367370665183
0.22622003358873108
0.23530594972499608
0.23190529385749836
0.24215462627836762
0.23814933863084903
0.2382609139500814
0.23930933084287534
0.23612974832294245
0.2335542840705217
0.24213711956415715
0.24661793810815405
0.2441922771441144
0.24600731487828154
0.24802910790489163
0.24769811470096867
0.24943817221466835
0.24939148493065855
0.2479909965077229
0.24849248417004838
0.24937041766513757
0.253233965033586
0.2554931500177766
0.25617276019496255
0.26118515531675757
0.25921745232574595
0.257183785781152
0.2566164074671056
0.2584585577520934
0.26122564670809034
0.26103196777067833
0.2621807727282825
0.2658742351727513
0.2695344225738573
0.27223903940890176
0.2708532099043542
0.2685541591899895
0.2679157018571206
0.268835173444088
0.26913105741871524
0.2678932812050861
0.26638750887696355
0.26460863690904896
0.2630821726645541
0.2626004760240773
0.2611951573446075
0.26647943070013436
0.2694173682654175
0.2702381143404856
0.27042924318103484
0.27118135866903575
0.26976019868289997
0.2684099877092266
0.268613598539938
0.2672776687451563
0.26720853431552316
0.26697009872238797
0.26640762926712647
0.26760627976524415
0.2669565627894795
0.2693635047284125
0.2699881248366003
0.26972499809547235
0.2717656009624708
0.27091810276898337
0.27117716450396556
0.27168669267860557
0.2732580275672278
0.2721001006038165
0.27095853781130247
0.2708866259976849
0.2752753897518127
0.2741414153830027
0.27478250591735515
0.27452485894793444
0.2746320922662254
0.2740898372125313
0.2744033062115418
0.27444422671793095
0.27330353702394133
0.27349881494583334
0.2748171020289726
0.27394330618023865
0.2775192526650292
0.2787260232497357
0.2790474188308114
0.27882975285008343
0.27805531551256496
0.2801527456613833
0.27983978055423614
0.2793251938480658
0.2799949510915071
0.27805783373033893
0.27817680193829714
0.27859590169444565
0.2783401785344866
0.27817589397990183
0.2799145406166918
0.27890209117951037
0.2774143954980101
0.2768527096349562
0.2784498863447117
0.27820804544472855
0.2768567114649558
0.2777438097785438
0.27935991232021506
0.2787395143880375
0.27885019225898283
0.27822733493263013
0.27981899885667133
0.2796269464259381
0.2793039378982018
0.2788541909450964
0.27882526098266375
