1.8972952365875244
5.076019644737244
15.785872220993042
12.707813918590546
10.947675514221192
9.782007296880087
8.661736965179443
8.516894608736038
8.709039635128445
8.23870267868042
9.245835260911422
8.631032327810923
8.238891693261953
7.914140633174351
7.894562069574992
7.926658257842064
7.682620595483219
7.947833551300897
7.7429694251010295
7.56364073753357
7.544096049808321
7.373659903352911
7.232921133870664
7.1018961270650225
7.477028598785401
7.462979729358967
7.335058335904722
7.218951829842159
7.231423386212053
7.124250205357869
7.126486878241262
7.0289246290922165
7.0753936767578125
7.0720242752748375
6.9268976620265414
6.847610976960924
6.853362818022032
7.067896190442537
6.978742850132478
7.300866425037384
7.217272781744236
7.250781689371381
7.2644439131714575
7.264424665407701
7.14544349776374
7.028869639272275
6.956003863760766
6.9581393251816435
6.989043070345509
6.927795991897583
6.86819857709548
6.807636618614197
